0, 0 0.335938 0.137827 0.837891;
1, 0 0.507812 0.312105 0.935547 1.06295 0.21875 0.058825 0.642578;
2, 0 0.857422 0.893188 0.453125 0.249115 0.927734;
3, 0 0.244141 0.0731154 0.693359 0.584824 0.792969 0.763962 0.611328;
4, 0 0.888672;
5, 0 0.365234 0.162027 0.869141 0.916055 0.423828;
6, 0 0.914062 1.01472 0.289062 0.10127 0.769531 0.719309 0.660156;
7, 0 0.837891 0.851775 0.505859;
8, 0 0.935547 1.06312 0.21875 0.0586959 0.642578 0.501862 0.859375;
9, 0 0.451172;
10, 0 0.927734 1.04417 0.246094 0.0741181 0.697266;
11, 0 0.789062 0.754929 0.621094 0.468715 0.880859 0.939855 0.390625;
12, 0 0.892578 0.966919 0.355469 0.152988 0.857422;
13, 0 0.453125 0.248775 0.927734 1.04511 0.246094 0.073322 0.695312;
14, 0 0.792969 0.762098 0.613281;
15, 0 0.886719 0.955412 0.371094 0.166756 0.875 0.92709 0.408203;
16, 0 0.90625 0.994562 0.316406;
17, 0 0.8125 0.798959 0.570312 0.394629 0.917969 1.02092 0.279297;
18, 0 0.755859 0.693244 0.689453;
19, 0 0.800781 0.778604 0.59375 0.42852 0.902344 0.987918 0.326172;
20, 0 0.824219 0.823323 0.541016 0.35505 0.929688;
21, 0 0.240234 0.0702517 0.685547 0.569187 0.806641 0.789891 0.580078;
22, 0 0.912109 1.00725 0.298828 0.108747 0.787109;
23, 0 0.626953 0.477538 0.875 0.928205 0.40625 0.20119 0.904297;
24, 0 0.320312;
25, 0 0.816406 0.807254 0.560547 0.381025 0.921875;
26, 0 0.263672 0.0849789 0.728516 0.645559 0.738281 0.65972 0.722656;
27, 0 0.748047 0.678256 0.705078;
28, 0 0.777344 0.734336 0.644531 0.50422 0.857422 0.890919 0.455078;
29, 0 0.929688;
30, 0 0.242188 0.0712346 0.6875 0.574598 0.802734;
31, 0 0.591797 0.424539 0.904297 0.99218 0.320312 0.124522 0.816406;
32, 0 0.558594 0.380123 0.921875 1.03257 0.263672;
33, 0 0.728516 0.642553 0.740234 0.664968 0.71875 0.625716 0.755859;
34, 0 0.6875 0.574281 0.802734;
35, 0 0.589844 0.423661 0.904297 0.993108 0.318359 0.123524 0.814453;
36, 0 0.564453 0.385731 0.919922;
37, 0 0.269531 0.0883231 0.738281 0.661569 0.720703 0.631683 0.75;
38, 0 0.699219 0.59246 0.787109;
39, 0 0.625 0.47523 0.876953 0.931287 0.402344 0.197161 0.902344;
40, 0 0.328125;
41, 0 0.828125 0.830235 0.533203 0.344041 0.931641;
42, 0 0.232422 0.0658291 0.669922 0.544241 0.828125 0.830119 0.533203;
43, 0 0.931641 1.05402 0.232422 0.0658941 0.669922;
44, 0 0.826172 0.829528 0.533203 0.345162 0.931641 1.05361 0.232422;
45, 0 0.671875 0.546552 0.826172;
46, 0 0.537109 0.350043 0.931641 1.05132 0.236328 0.0681103 0.677734;
47, 0 0.816406 0.809362 0.558594;
48, 0 0.923828 1.03444 0.259766 0.0826705 0.722656 0.634232 0.748047;
49, 0 0.703125 0.600245 0.779297;
50, 0 0.640625 0.497958 0.861328 0.89993 0.443359 0.239591 0.925781;
51, 0 0.255859 0.0796016 0.714844 0.618813 0.763672;
52, 0 0.675781 0.553361 0.820312 0.815591 0.550781 0.367483 0.925781;
53, 0 0.25 0.076529 0.705078;
54, 0 0.777344 0.733343 0.646484 0.505943 0.855469 0.888413 0.458984;
55, 0 0.929688 1.04985 0.238281 0.069326 0.681641;
56, 0 0.810547 0.798303 0.570312 0.39571 0.917969 1.01999 0.28125;
57, 0 0.757812 0.697202 0.685547 0.569078 0.806641;
58, 0 0.580078 0.409346 0.912109 1.00753 0.298828 0.108459 0.785156;
59, 0 0.628906 0.479498 0.873047;
60, 0 0.410156 0.20466 0.90625 0.997545 0.3125 0.118799 0.806641;
61, 0 0.583984 0.41329 0.910156 1.00369 0.304688;
62, 0 0.792969 0.763909 0.611328 0.45338 0.888672 0.959209 0.365234;
63, 0 0.869141;
64, 0 0.421875 0.216955 0.914062 1.01419 0.289062;
65, 0 0.771484 0.721486 0.658203 0.526569 0.841797 0.857603 0.498047;
66, 0 0.935547 1.06347 0.21875 0.0584228 0.642578;
67, 0 0.859375 0.896744 0.447266 0.244075 0.927734 1.04157 0.25;
68, 0 0.705078 0.602092 0.777344;
69, 0 0.644531 0.503398 0.857422 0.89211 0.455078 0.25065 0.929688;
70, 0 0.244141 0.0722038 0.691406 0.579889 0.798828;
71, 0 0.601562 0.439321 0.896484 0.975874 0.341797 0.142615 0.84375;
72, 0 0.488281 0.290559 0.935547;
73, 0 0.220703 0.0590702 0.644531 0.504154 0.857422 0.891015 0.455078;
74, 0 0.929688 1.04748 0.242188;
75, 0 0.6875 0.57502 0.802734 0.780276 0.591797 0.42571 0.904297;
76, 0 0.322266 0.125865 0.818359 0.812378 0.554688;
77, 0 0.925781 1.03791 0.255859 0.0795725 0.714844 0.618665 0.763672;
78, 0 0.675781 0.552913 0.820312;
79, 0 0.548828 0.366322 0.927734 1.04213 0.25;
80, 0 0.703125 0.599569 0.78125 0.739098 0.638672;
81, 0 0.863281 0.902756 0.439453 0.23564 0.923828;
82, 0 0.259766 0.0827431 0.722656 0.634592 0.748047;
83, 0 0.703125 0.601345 0.779297 0.73608 0.642578;
84, 0 0.859375 0.895288 0.449219 0.246134 0.927734 1.04316 0.248047;
85, 0 0.699219 0.594839 0.785156 0.747114 0.630859;
86, 0 0.871094 0.92199 0.414062 0.20941 0.910156 1.00431 0.302734;
87, 0 0.792969 0.761468 0.613281;
88, 0 0.886719 0.954078 0.371094 0.168384 0.876953 0.930765 0.404297;
89, 0 0.902344;
90, 0 0.326172 0.130073 0.826172 0.826336 0.537109;
91, 0 0.931641 1.05122 0.236328 0.0681895 0.677734 0.557677 0.816406;
92, 0 0.558594 0.378761 0.923828 1.03358 0.261719;
93, 0 0.724609 0.638062 0.744141 0.672799 0.710938 0.611961 0.769531;
94, 0 0.662109 0.532748 0.835938;
95, 0 0.509766 0.316085 0.935547 1.06243 0.220703 0.0592276 0.644531;
96, 0 0.857422 0.889618 0.457031 0.254212 0.929688;
97, 0 0.240234 0.0702221 0.685547 0.569023 0.806641 0.790161 0.580078;
98, 0 0.912109 1.00768 0.298828;
99, 0 0.785156 0.74806 0.628906 0.480509 0.873047;
100, 0 0.412109 0.206469 0.908203 1.00017 0.308594;
101, 0 0.800781 0.777628 0.595703 0.43016 0.902344;
102, 0 0.328125 0.13111 0.826172 0.829695 0.533203 0.344896 0.931641;
103, 0 0.232422 0.0661353 0.669922 0.546 0.826172;
104, 0 0.535156 0.348648 0.931641 1.052 0.234375 0.0675524 0.675781;
105, 0 0.820312 0.814439 0.550781 0.369346 0.925781;
106, 0 0.251953 0.0775903 0.708984 0.60848 0.773438 0.723909 0.65625;
107, 0 0.84375 0.86403 0.490234;
108, 0 0.935547 1.0628 0.220703 0.05894 0.644531 0.503357 0.857422;
109, 0 0.453125 0.250566 0.929688 1.04636 0.244141;
110, 0 0.691406 0.580155 0.796875 0.771754 0.601562 0.44007 0.896484;
111, 0 0.34375 0.143598 0.845703;
112, 0 0.486328 0.286316 0.935547 1.06191 0.220703;
113, 0 0.646484 0.507547 0.855469 0.886071 0.462891;
114, 0 0.931641 1.05182 0.236328 0.0676956 0.675781 0.554889 0.818359;
115, 0 0.552734 0.371456 0.925781 1.03875 0.253906;
116, 0 0.710938 0.614874 0.767578 0.712944 0.667969 0.541489 0.830078;
117, 0 0.527344 0.337364 0.933594 1.0568 0.228516;
118, 0 0.662109 0.531602 0.837891 0.849871 0.507812 0.313352 0.935547;
119, 0 0.21875 0.0589365 0.644531;
120, 0 0.857422 0.8922 0.453125 0.250522 0.929688 1.04633 0.244141;
121, 0 0.691406 0.580294 0.796875;
122, 0 0.601562 0.440461 0.896484 0.974564 0.34375 0.144114 0.845703;
123, 0 0.484375 0.284117 0.935547 1.06145 0.220703;
124, 0 0.648438 0.509725 0.853516 0.882876 0.466797 0.263941 0.931641;
125, 0 0.232422;
126, 0 0.669922 0.543524 0.828125 0.831253 0.53125;
127, 0 0.933594 1.0548 0.230469 0.0652689 0.667969 0.54101 0.830078;
128, 0 0.525391 0.336179 0.933594 1.05724 0.228516;
129, 0 0.660156 0.529564 0.837891 0.853011 0.503906 0.30853 0.935547;
130, 0 0.21875;
131, 0 0.642578 0.501147 0.859375 0.89536 0.449219;
132, 0 0.927734 1.04308 0.248047 0.0750547 0.701172 0.595191 0.785156;
133, 0 0.630859 0.483162 0.871094 0.920595 0.416016;
134, 0 0.912109 1.00685 0.298828 0.109153 0.787109 0.751383 0.625;
135, 0 0.876953;
136, 0 0.402344 0.196411 0.900391 0.984764 0.330078;
137, 0 0.830078 0.834535 0.527344 0.337244 0.933594 1.05685 0.228516;
138, 0 0.662109 0.531392 0.837891 0.850195 0.507812;
139, 0 0.935547 1.06286 0.21875 0.0588904 0.644531 0.503053 0.857422;
140, 0 0.453125;
141, 0 0.929688 1.04593 0.244141 0.0726214 0.693359;
142, 0 0.796875 0.768422 0.605469 0.445713 0.894531 0.968431 0.351562;
143, 0 0.855469 0.888747 0.458984 0.255463 0.929688;
144, 0 0.238281 0.0695698 0.681641 0.565404 0.810547 0.796087 0.574219;
145, 0 0.916016 1.01677 0.285156;
146, 0 0.765625 0.710746 0.669922 0.545334 0.826172;
147, 0 0.535156 0.34697 0.931641 1.05279 0.234375;
148, 0 0.673828 0.550393 0.822266 0.820343 0.544922;
149, 0 0.929688 1.04607 0.244141 0.0725 0.691406 0.581497 0.796875;
150, 0 0.605469 0.443854 0.894531 0.970619 0.349609;
151, 0 0.853516 0.88187 0.466797 0.265403 0.933594 1.05497 0.230469;
152, 0 0.667969 0.540216 0.830078;
153, 0 0.525391 0.334216 0.933594 1.05793 0.226562 0.0627584 0.658203;
154, 0 0.841797 0.857967 0.498047;
155, 0 0.935547 1.06346 0.21875 0.058429 0.642578;
156, 0 0.859375 0.896689 0.447266 0.244152 0.927734 1.04163 0.25;
157, 0 0.705078 0.601814 0.779297 0.735282 0.642578;
158, 0 0.857422 0.893294 0.453125 0.248964 0.927734 1.04524 0.244141;
159, 0 0.695312 0.585318 0.792969 0.763135 0.611328;
160, 0 0.888672 0.957592 0.367188 0.164111 0.871094 0.920983 0.416016;
161, 0 0.910156 1.00615 0.300781;
162, 0 0.789062 0.75418 0.623047 0.469999 0.878906;
163, 0 0.392578 0.188263 0.894531 0.970801 0.349609 0.148454 0.851562;
164, 0 0.46875 0.266244 0.933594 1.05536 0.230469;
165, 0 0.666016 0.538375 0.832031 0.839344 0.521484 0.329693 0.935547;
166, 0 0.224609 0.0616186 0.654297;
167, 0 0.845703 0.868242 0.484375 0.285494 0.935547 1.06175 0.220703;
168, 0 0.646484;
169, 0 0.853516 0.884927 0.462891 0.260967 0.931641;
170, 0 0.234375 0.0669527 0.673828 0.550672 0.822266 0.819897 0.544922;
171, 0 0.927734 1.04565 0.244141 0.0728546 0.693359;
172, 0 0.794922 0.766316 0.607422 0.449288 0.892578 0.964171 0.357422;
173, 0 0.863281 0.901783 0.441406;
174, 0 0.923828 1.0356 0.257812 0.0816326 0.720703 0.629064 0.753906;
175, 0 0.693359 0.584471 0.792969 0.764552 0.611328;
176, 0 0.890625 0.960545 0.363281 0.160555 0.867188 0.912507 0.427734;
177, 0 0.917969 1.02046 0.279297 0.0956872 0.757812;
178, 0 0.6875 0.572572 0.804688 0.784319 0.587891 0.418935 0.90625;
179, 0 0.3125 0.118303 0.804688;
180, 0 0.585938 0.416281 0.908203 1.00071 0.308594 0.115479 0.798828;
181, 0 0.597656 0.43366 0.900391 0.982271 0.333984;
182, 0 0.833984 0.843229 0.515625 0.323632 0.935547 1.06097 0.222656;
183, 0 0.650391 0.511999 0.851562;
184, 0 0.470703 0.268828 0.933594 1.05651 0.228516 0.0638922 0.662109;
185, 0 0.835938 0.847706 0.509766;
186, 0 0.935547 1.06233 0.220703 0.0593008 0.644531 0.505562 0.855469;
187, 0 0.458984 0.255144 0.929688 1.04936 0.238281;
188, 0 0.683594 0.566315 0.808594 0.794597 0.576172 0.401833 0.914062;
189, 0 0.289062 0.101431 0.769531;
190, 0 0.660156 0.52918 0.839844 0.853602 0.503906 0.307625 0.935547;
191, 0 0.21875 0.058535 0.642578 0.500873 0.859375;
192, 0 0.449219 0.245475 0.927734 1.04266 0.248047 0.0754214 0.701172;
193, 0 0.783203 0.743235 0.634766;
194, 0 0.867188 0.912793 0.427734 0.221807 0.917969 1.02001 0.28125;
195, 0 0.757812 0.697117 0.685547;
196, 0 0.806641 0.789822 0.580078 0.409757 0.912109 1.00713 0.298828;
197, 0 0.787109 0.750232 0.626953;
198, 0 0.875 0.929229 0.40625 0.199848 0.904297 0.990251 0.322266;
199, 0 0.820312 0.814881 0.550781 0.368632 0.925781;
200, 0 0.251953 0.0771797 0.707031 0.606349 0.775391 0.727553 0.652344;
201, 0 0.849609 0.873571 0.478516;
202, 0 0.935547 1.05971 0.224609 0.0613455 0.652344 0.517923 0.847656;
203, 0 0.482422;
204, 0 0.935547 1.06091 0.222656 0.0604086 0.650391;
205, 0 0.851562 0.879094 0.470703 0.269453 0.933594 1.05677 0.228516;
206, 0 0.662109 0.531766 0.837891;
207, 0 0.507812 0.313743 0.935547 1.06276 0.220703 0.0589742 0.644531;
208, 0 0.857422 0.891866 0.455078;
209, 0 0.929688 1.04666 0.242188 0.0720019 0.691406;
210, 0 0.798828 0.774024 0.599609 0.436235 0.898438 0.979384 0.337891;
211, 0 0.837891 0.853113 0.503906 0.308374 0.935547;
212, 0 0.21875 0.0585713 0.642578 0.501096 0.859375 0.895432 0.449219;
213, 0 0.927734 1.04301 0.248047;
214, 0 0.701172 0.595547 0.783203 0.745916 0.630859 0.484201 0.871094;
215, 0 0.417969;
216, 0 0.912109 1.00937 0.294922 0.106594 0.78125;
217, 0 0.636719 0.49231 0.865234 0.907925 0.433594 0.228477 0.919922;
218, 0 0.271484 0.089183 0.740234 0.66561 0.716797;
219, 0 0.757812 0.696188 0.685547 0.57086 0.804688 0.787141 0.583984;
220, 0 0.910156 1.00277 0.304688;
221, 0 0.794922 0.767536 0.607422 0.447216 0.892578 0.966648 0.355469;
222, 0 0.859375 0.89426 0.451172;
223, 0 0.927734 1.04425 0.246094 0.0740551 0.697266 0.589869 0.789062;
224, 0 0.621094;
225, 0 0.880859 0.941116 0.388672 0.184529 0.890625;
226, 0 0.359375 0.156504 0.863281 0.902473 0.441406 0.236035 0.923828;
227, 0 0.259766 0.0824172 0.722656;
228, 0 0.75 0.68165 0.701172 0.596404 0.783203 0.744466 0.632812;
229, 0 0.869141;
230, 0 0.423828 0.217811 0.914062 1.01525 0.287109;
231, 0 0.769531 0.717102 0.664062 0.534221 0.835938 0.845816 0.513672;
232, 0 0.935547 1.06182 0.220703 0.0596977 0.646484;
233, 0 0.853516 0.885438 0.462891 0.260229 0.931641 1.05233 0.234375;
234, 0 0.673828 0.552534 0.820312;
235, 0 0.548828 0.365342 0.927734 1.04274 0.248047 0.0753489 0.701172;
236, 0 0.783203 0.743884 0.634766 0.487705 0.869141;
237, 0 0.425781 0.219693 0.916016 1.01753 0.285156 0.0985214 0.763672;
238, 0 0.673828 0.550855 0.822266;
239, 0 0.544922 0.361012 0.927734 1.04538 0.244141;
240, 0 0.693359 0.584682 0.792969 0.7642 0.611328 0.452886 0.890625;
241, 0 0.365234 0.161433 0.869141 0.914629 0.423828;
242, 0 0.916016 1.01707 0.285156 0.0989669 0.765625 0.709512 0.671875;
243, 0 0.824219 0.824961 0.539062 0.352431 0.929688;
244, 0 0.238281 0.0691043 0.681641 0.562808 0.8125 0.80032 0.568359;
245, 0 0.917969 1.02282 0.277344;
246, 0 0.751953 0.685115 0.697266 0.590313 0.789062;
247, 0 0.621094 0.469024 0.880859 0.939453 0.392578 0.186642 0.892578;
248, 0 0.353516 0.151884 0.857422 0.890523 0.457031;
249, 0 0.929688 1.04794 0.240234 0.0709216 0.6875 0.57288 0.804688;
250, 0 0.587891 0.419784 0.90625;
251, 0 0.3125 0.119223 0.806641 0.789226 0.582031 0.410748 0.910156;
252, 0 0.300781 0.109836 0.789062;
253, 0 0.623047 0.470203 0.878906 0.937917 0.394531;
254, 0 0.894531 0.971413 0.347656 0.147745 0.851562;
255, 0 0.470703 0.269085 0.933594 1.05661 0.228516;
256, 0 0.662109 0.53249 0.835938 0.848498 0.509766 0.315469 0.935547;
257, 0 0.220703 0.0591564 0.644531 0.504681 0.857422;
258, 0 0.457031 0.253307 0.929688 1.0482 0.240234 0.0707081 0.685547;
259, 0 0.804688 0.785748 0.585938;
260, 0 0.908203 1.00044 0.308594 0.115758 0.800781 0.776585 0.595703;
261, 0 0.900391;
262, 0 0.330078 0.133241 0.830078 0.836496 0.525391;
263, 0 0.933594 1.05795 0.226562 0.0627427 0.658203 0.526239 0.841797;
264, 0 0.498047 0.300755 0.935547 1.06346 0.21875;
265, 0 0.642578 0.500241 0.859375 0.896661 0.449219 0.244192 0.927734;
266, 0 0.25 0.0762846 0.705078;
267, 0 0.779297 0.735522 0.642578 0.502164 0.859375 0.893894 0.451172;
268, 0 0.927734 1.04463 0.246094;
269, 0 0.695312 0.588132 0.791016 0.758416 0.617188 0.462749 0.884766;
270, 0 0.380859 0.176472 0.884766 0.948116 0.380859;
271, 0 0.882812 0.946597 0.382812 0.177629 0.884766 0.950476 0.376953;
272, 0 0.880859 0.940447 0.390625;
273, 0 0.892578 0.965526 0.357422 0.154628 0.861328 0.897686 0.447266;
274, 0 0.925781 1.04051 0.251953;
275, 0 0.707031 0.606914 0.773438 0.726587 0.652344 0.517682 0.847656;
276, 0 0.480469 0.281302 0.935547;
277, 0 0.222656 0.0605159 0.650391 0.512935 0.851562 0.878135 0.472656;
278, 0 0.933594 1.05734 0.228516 0.0632235 0.660156;
279, 0 0.839844 0.853762 0.503906 0.307381 0.935547 1.06334 0.21875;
280, 0 0.642578;
281, 0 0.859375 0.895849 0.449219 0.24534 0.927734;
282, 0 0.248047 0.0755109 0.701172 0.597604 0.783203 0.742434 0.634766;
283, 0 0.867188 0.910868 0.429688 0.224436 0.917969;
284, 0 0.277344 0.0932705 0.751953 0.68441 0.697266 0.591553 0.787109;
285, 0 0.623047 0.472605 0.878906;
286, 0 0.398438 0.192654 0.898438 0.978495 0.337891;
287, 0 0.839844 0.856117 0.5 0.303784 0.935547;
288, 0 0.21875 0.0584259 0.642578 0.500203 0.859375;
289, 0 0.447266 0.244113 0.927734 1.0416 0.25 0.0763382 0.705078;
290, 0 0.779297 0.735043 0.644531 0.502994 0.857422;
291, 0 0.453125 0.249816 0.929688 1.04584 0.244141 0.0726945 0.693359;
292, 0 0.794922 0.767761 0.607422 0.446834 0.892578;
293, 0 0.353516 0.152772 0.857422 0.892861 0.453125 0.24958 0.927734;
294, 0 0.244141;
295, 0 0.693359 0.583312 0.794922 0.766489 0.607422;
296, 0 0.892578 0.964524 0.357422 0.155813 0.861328 0.900721 0.443359;
297, 0 0.923828 1.03692 0.257812;
298, 0 0.716797 0.623143 0.759766 0.69869 0.683594 0.566467 0.808594;
299, 0 0.576172;
300, 0 0.914062 1.01418 0.289062 0.1018 0.771484;
301, 0 0.658203 0.52648 0.841797 0.85774 0.498047 0.301315 0.935547;
302, 0 0.21875 0.0584248 0.642578 0.500196 0.859375;
303, 0 0.447266 0.2441 0.927734 1.04159 0.25 0.0763473 0.705078;
304, 0 0.779297 0.734963 0.644531;
305, 0 0.857422 0.892493 0.453125 0.250104 0.929688 1.04604 0.244141;
306, 0 0.691406 0.581626 0.796875 0.769304 0.605469;
307, 0 0.894531 0.970193 0.349609 0.149161 0.853516 0.883219 0.464844;
308, 0 0.931641 1.05401 0.232422;
309, 0 0.669922 0.544683 0.826172 0.82942 0.533203 0.345333 0.931641;
310, 0 0.232422 0.0662942 0.671875;
311, 0 0.824219 0.825889 0.537109 0.350951 0.931641 1.05087 0.236328;
312, 0 0.679688 0.559325 0.814453 0.805976 0.5625;
313, 0 0.921875 1.0303 0.265625 0.086436 0.734375 0.652592 0.730469;
314, 0 0.736328 0.656471 0.726562;
315, 0 0.742188 0.668335 0.714844 0.619804 0.761719 0.704454 0.677734;
316, 0 0.818359 0.810774 0.556641 0.375292 0.923828;
317, 0 0.257812 0.0811912 0.71875 0.626851 0.755859 0.692274 0.689453;
318, 0 0.798828;
319, 0 0.597656 0.433274 0.900391 0.982701 0.332031;
320, 0 0.833984 0.841741 0.517578 0.32595 0.935547 1.0604 0.222656;
321, 0 0.650391 0.51468 0.849609 0.875543 0.474609;
322, 0 0.933594 1.05876 0.224609 0.062097 0.65625 0.522408 0.84375;
323, 0 0.490234;
324, 0 0.935547 1.06282 0.21875 0.0589259 0.644531;
325, 0 0.857422 0.892294 0.453125 0.250388 0.929688 1.04624 0.244141;
326, 0 0.691406 0.58072 0.796875 0.770814 0.603516;
327, 0 0.896484 0.973176 0.345703 0.145709 0.849609 0.873681 0.478516;
328, 0 0.935547 1.05966 0.224609;
329, 0 0.654297 0.518158 0.847656 0.870343 0.482422;
330, 0 0.935547 1.06104 0.222656 0.0603064 0.648438 0.51167 0.851562;
331, 0 0.470703 0.268118 0.933594 1.0562 0.228516;
332, 0 0.664062 0.534437 0.833984 0.845481 0.513672 0.320135 0.935547;
333, 0 0.220703 0.0597759 0.646484;
334, 0 0.853516 0.884742 0.462891 0.261235 0.931641 1.05287 0.234375;
335, 0 0.673828;
336, 0 0.822266 0.820965 0.542969 0.358828 0.929688;
337, 0 0.242188 0.0720135 0.691406 0.578854 0.798828 0.773919 0.599609;
338, 0 0.898438 0.979184 0.337891;
339, 0 0.839844 0.853791 0.503906 0.307337 0.935547 1.06334 0.21875;
340, 0 0.642578;
341, 0 0.859375 0.895866 0.449219 0.245317 0.927734;
342, 0 0.248047 0.0755265 0.701172 0.597686 0.783203 0.742294 0.634766;
343, 0 0.867188 0.910531 0.429688 0.224897 0.917969;
344, 0 0.275391 0.0927865 0.75 0.682219 0.701172 0.595404 0.785156;
345, 0 0.630859 0.483784 0.871094;
346, 0 0.417969 0.212411 0.912109 1.00837 0.296875 0.107612 0.783203;
347, 0 0.632812 0.485281 0.869141;
348, 0 0.419922 0.21517 0.914062 1.01195 0.292969 0.104014 0.775391;
349, 0 0.648438;
350, 0 0.853516 0.881763 0.466797 0.265559 0.933594;
351, 0 0.230469 0.0650721 0.666016 0.539871 0.830078 0.837 0.523438;
352, 0 0.933594 1.05821 0.226562;
353, 0 0.658203 0.524987 0.841797 0.860018 0.496094 0.297858 0.935547;
354, 0 0.21875;
355, 0 0.642578 0.500754 0.859375 0.895925 0.449219;
356, 0 0.927734 1.04247 0.248047 0.0755824 0.701172 0.597981 0.78125;
357, 0 0.636719 0.491311 0.865234 0.909325 0.431641;
358, 0 0.919922 1.0253 0.273438 0.0910877 0.746094 0.674454 0.708984;
359, 0 0.771484 0.72293 0.65625;
360, 0 0.84375 0.861441 0.494141 0.295706 0.935547;
361, 0 0.21875 0.0586273 0.642578 0.50144 0.859375 0.894937 0.451172;
362, 0 0.927734 1.04354 0.248047 0.0746666 0.699219;
363, 0 0.787109 0.750001 0.626953 0.477171 0.875 0.928697 0.40625;
364, 0 0.904297 0.991335 0.320312 0.125434 0.818359;
365, 0 0.556641 0.37506 0.923828 1.03626 0.257812 0.0810448 0.71875;
366, 0 0.755859;
367, 0 0.689453 0.575496 0.800781 0.779488 0.59375;
368, 0 0.904297 0.989521 0.324219 0.127401 0.820312 0.817534 0.546875;
369, 0 0.927734 1.04336 0.248047 0.0748147 0.699219;
370, 0 0.785156 0.748672 0.628906 0.479456 0.873047 0.925625 0.410156;
371, 0 0.90625;
372, 0 0.3125 0.118914 0.806641 0.788113 0.582031;
373, 0 0.910156 1.00437 0.302734 0.11169 0.792969 0.76124 0.613281;
374, 0 0.886719 0.953594 0.373047;
375, 0 0.876953 0.932085 0.402344 0.196123 0.900391 0.984293 0.330078;
376, 0 0.830078;
377, 0 0.525391 0.334641 0.933594 1.05778 0.226562;
378, 0 0.658203 0.527016 0.839844 0.85692 0.5 0.302562 0.935547;
379, 0 0.21875 0.0584185 0.642578 0.500157 0.859375;
380, 0 0.447266 0.244022 0.927734 1.04153 0.25 0.0764008 0.705078;
381, 0 0.777344 0.734485 0.644531;
382, 0 0.857422 0.891294 0.455078 0.251815 0.929688 1.04721 0.242188;
383, 0 0.689453 0.576245 0.800781;
384, 0 0.59375 0.429119 0.902344 0.987268 0.326172 0.129863 0.824219;
385, 0 0.537109;
386, 0 0.931641 1.05068 0.236328 0.0686395 0.679688;
387, 0 0.814453 0.804547 0.5625 0.38545 0.921875 1.02848 0.269531;
388, 0 0.738281 0.660597 0.722656;
389, 0 0.75 0.680933 0.701172 0.597665 0.783203 0.74233 0.634766;
390, 0 0.867188;
391, 0 0.429688 0.224778 0.917969 1.02336 0.275391;
392, 0 0.75 0.682781 0.699219 0.594415 0.785156 0.74783 0.628906;
393, 0 0.873047 0.923666 0.412109 0.207182 0.908203;
394, 0 0.306641 0.114978 0.798828 0.773688 0.599609 0.436802 0.898438;
395, 0 0.337891;
396, 0 0.839844 0.855278 0.501953 0.305063 0.935547;
397, 0 0.21875 0.0584478 0.642578 0.500337 0.859375 0.896524 0.449219;
398, 0 0.927734 1.04182 0.25 0.076152 0.703125;
399, 0 0.779297 0.736704 0.642578 0.500115 0.859375 0.896842 0.447266;
400, 0 0.927734;
401, 0 0.25 0.0764592 0.705078 0.602589 0.777344;
402, 0 0.644531 0.504864 0.857422 0.889983 0.457031 0.253689 0.929688;
403, 0 0.240234 0.0705017 0.685547 0.570568 0.806641;
404, 0 0.583984 0.413422 0.910156 1.00356 0.304688 0.112521 0.792969;
405, 0 0.611328;
406, 0 0.890625 0.960274 0.363281 0.160879 0.867188;
407, 0 0.425781 0.221125 0.916016 1.01922 0.28125 0.0968823 0.759766;
408, 0 0.681641 0.563342 0.8125;
409, 0 0.570312 0.393818 0.917969 1.02161 0.279297 0.0945799 0.753906;
410, 0 0.691406;
411, 0 0.796875 0.769986 0.603516 0.443063 0.894531;
412, 0 0.347656 0.147592 0.851562 0.878925 0.470703 0.269701 0.933594;
413, 0 0.228516 0.0635989 0.662109 0.531282 0.837891;
414, 0 0.507812 0.312594 0.935547 1.06289 0.21875 0.0588671 0.644531;
415, 0 0.857422 0.892815 0.453125;
416, 0 0.927734 1.04572 0.244141 0.0727963 0.693359 0.583101 0.794922;
417, 0 0.607422 0.448394 0.892578;
418, 0 0.357422 0.154963 0.861328 0.898547 0.445312 0.241534 0.925781;
419, 0 0.253906 0.0781575 0.708984 0.611413 0.769531;
420, 0 0.662109 0.531106 0.837891 0.850636 0.507812 0.312175 0.935547;
421, 0 0.21875 0.0588309 0.644531;
422, 0 0.857422 0.893136 0.453125 0.249189 0.927734 1.0454 0.244141;
423, 0 0.693359 0.58458 0.792969;
424, 0 0.611328 0.452598 0.890625 0.960165 0.363281 0.16101 0.867188;
425, 0 0.425781 0.220693 0.916016 1.01871 0.283203;
426, 0 0.761719 0.702606 0.679688 0.559596 0.814453 0.805536 0.5625;
427, 0 0.921875;
428, 0 0.267578 0.0869478 0.734375 0.655041 0.728516;
429, 0 0.740234 0.663964 0.71875 0.627478 0.753906 0.691187 0.691406;
430, 0 0.798828 0.772606 0.601562 0.438629 0.896484;
431, 0 0.341797 0.141713 0.84375 0.862237 0.492188 0.294505 0.935547;
432, 0 0.21875;
433, 0 0.642578 0.501938 0.859375 0.894221 0.451172;
434, 0 0.927734 1.04429 0.246094 0.0740202 0.697266 0.589682 0.789062;
435, 0 0.621094 0.467206 0.880859;
436, 0 0.388672 0.183647 0.890625 0.962279 0.361328 0.158481 0.865234;
437, 0 0.433594;
438, 0 0.919922 1.02805 0.269531 0.0885146 0.738281;
439, 0 0.720703 0.6301 0.751953 0.686642 0.695312 0.587629 0.791016;
440, 0 0.617188 0.461308 0.884766 0.949351 0.378906;
441, 0 0.882812 0.943397 0.386719 0.181644 0.888672 0.958438 0.365234;
442, 0 0.871094 0.918577 0.419922;
443, 0 0.912109 1.01042 0.294922 0.105543 0.779297 0.736974 0.642578;
444, 0 0.859375 0.897512 0.447266;
445, 0 0.925781 1.04071 0.251953 0.0771158 0.707031 0.606016 0.775391;
446, 0 0.652344;
447, 0 0.849609 0.875046 0.476562 0.275398 0.933594;
448, 0 0.224609 0.0618993 0.65625 0.521231 0.845703 0.865715 0.488281;
449, 0 0.935547 1.06244 0.220703 0.0592202 0.644531;
450, 0 0.857422 0.889684 0.457031 0.254118 0.929688 1.04872 0.240234;
451, 0 0.685547 0.569299 0.806641;
452, 0 0.582031 0.409949 0.912109 1.00695 0.298828 0.109049 0.787109;
453, 0 0.625 0.475497 0.876953 0.930933 0.402344;
454, 0 0.902344 0.986725 0.328125 0.130459 0.826172 0.827591 0.535156;
455, 0 0.931641 1.05219 0.234375 0.0673921 0.675781;
456, 0 0.820312 0.815899 0.548828 0.366986 0.927734 1.0417 0.25;
457, 0 0.703125;
458, 0 0.779297 0.735816 0.642578 0.501655 0.859375;
459, 0 0.451172 0.247069 0.927734 1.04386 0.246094 0.0743861 0.699219;
460, 0 0.787109 0.75252 0.625 0.472845 0.876953;
461, 0 0.398438 0.193063 0.898438 0.979192 0.337891 0.13885 0.839844;
462, 0 0.503906;
463, 0 0.935547 1.06334 0.21875 0.0585239 0.642578;
464, 0 0.859375 0.895852 0.449219 0.245336 0.927734 1.04255 0.248047;
465, 0 0.701172 0.597617 0.783203 0.742412 0.634766;
466, 0 0.867188 0.910815 0.429688 0.224508 0.917969 1.02307 0.277344;
467, 0 0.75 0.684065 0.699219;
468, 0 0.787109 0.751638 0.625 0.474359 0.876953 0.932445 0.400391;
469, 0 0.900391 0.983527 0.332031;
470, 0 0.832031 0.838867 0.521484 0.330441 0.935547 1.05914 0.224609;
471, 0 0.654297;
472, 0 0.845703 0.866654 0.486328 0.287867 0.935547;
473, 0 0.220703 0.0594027 0.646484 0.506184 0.855469 0.888062 0.458984;
474, 0 0.929688 1.05016 0.238281 0.0690724 0.681641;
475, 0 0.8125 0.80061 0.568359 0.391912 0.917969 1.02322 0.275391;
476, 0 0.75;
477, 0 0.699219 0.593335 0.787109 0.749655 0.626953;
478, 0 0.875 0.927899 0.40625 0.201592 0.904297 0.992946 0.318359;
479, 0 0.814453 0.804974 0.5625;
480, 0 0.921875 1.02903 0.267578 0.0876091 0.736328 0.65819 0.724609;
481, 0 0.746094;
482, 0 0.708984 0.610577 0.771484 0.720318 0.660156;
483, 0 0.839844 0.854482 0.501953 0.30628 0.935547 1.06339 0.21875;
484, 0 0.642578 0.500548 0.859375;
485, 0 0.449219 0.244813 0.927734 1.04215 0.25 0.0758633 0.703125;
486, 0 0.78125 0.739283 0.638672;
487, 0 0.863281 0.903208 0.439453 0.23501 0.923828;
488, 0 0.261719 0.0832706 0.724609 0.637198 0.746094 0.674303 0.708984;
489, 0 0.771484 0.722474 0.658203 0.524846 0.841797;
490, 0 0.494141 0.297534 0.935547 1.06333 0.21875 0.0585297 0.642578;
491, 0 0.859375 0.8958 0.449219;
492, 0 0.927734 1.04261 0.248047 0.0754652 0.701172 0.597362 0.783203;
493, 0 0.634766;
494, 0 0.867188 0.911852 0.427734 0.22309 0.917969;
495, 0 0.279297 0.0947097 0.753906 0.690871 0.691406 0.580199 0.796875;
496, 0 0.601562 0.440193 0.896484 0.974872 0.34375;
497, 0 0.845703 0.868157 0.484375 0.28562 0.935547 1.06177 0.220703;
498, 0 0.646484 0.508206 0.853516;
499, 0 0.462891 0.260708 0.931641 1.05259 0.234375 0.0670669 0.673828;
500, 0 0.822266 0.818858 0.546875;
501, 0 0.927734 1.04466 0.246094 0.0736996 0.695312 0.587965 0.791016;
502, 0 0.617188 0.462271 0.884766;
503, 0 0.380859 0.175717 0.882812 0.946559 0.382812 0.177676 0.884766;
504, 0 0.376953 0.172691 0.880859 0.940191 0.390625;
505, 0 0.892578 0.966129 0.355469 0.153917 0.859375 0.895849 0.449219;
506, 0 0.927734 1.04256 0.248047;
507, 0 0.701172 0.597604 0.783203 0.742434 0.634766 0.490208 0.867188;
508, 0 0.429688 0.224436 0.917969;
509, 0 0.277344 0.0932698 0.751953 0.684407 0.697266 0.591558 0.787109;
510, 0 0.623047 0.472619 0.878906;
511, 0 0.398438 0.192678 0.898438 0.978535 0.337891 0.139591 0.839844;
